1.000000000000000000e+00
3.449892083806388143e+01
2.000000000000000000e+00
3.518680431387006990e+01
3.000000000000000000e+00
3.496463446098034922e+01
4.000000000000000000e+00
3.506733140747648747e+01
5.000000000000000000e+00
3.487285204398011729e+01
6.000000000000000000e+00
3.446618399123975252e+01
7.000000000000000000e+00
3.561156269515239359e+01
8.000000000000000000e+00
3.494126671594091249e+01
9.000000000000000000e+00
3.527238748438496430e+01
1.000000000000000000e+01
3.457920115955503348e+01
1.100000000000000000e+01
3.497191649583080419e+01
1.200000000000000000e+01
3.612971567829701058e+01
1.300000000000000000e+01
3.480456674307704645e+01
1.400000000000000000e+01
3.528366248859952492e+01
1.500000000000000000e+01
3.446567883216197714e+01
1.600000000000000000e+01
3.480378514200996420e+01
1.700000000000000000e+01
3.440151615267314611e+01
1.800000000000000000e+01
3.467472589062531796e+01
1.900000000000000000e+01
3.454018166852085869e+01
2.000000000000000000e+01
3.484106250625053747e+01
2.100000000000000000e+01
3.515328668468097106e+01
2.200000000000000000e+01
3.497457720287272309e+01
2.300000000000000000e+01
3.480040366831008924e+01
2.400000000000000000e+01
3.496430618094883869e+01
2.500000000000000000e+01
3.477650091499012319e+01
2.600000000000000000e+01
3.515964733170113021e+01
2.700000000000000000e+01
3.548685428807710451e+01
2.800000000000000000e+01
3.541107855057984466e+01
2.900000000000000000e+01
3.480084171576165630e+01
3.000000000000000000e+01
3.448797022557701553e+01
3.100000000000000000e+01
3.479075167417312286e+01
3.200000000000000000e+01
3.515558183506568213e+01
3.300000000000000000e+01
3.559235234439181994e+01
3.400000000000000000e+01
3.397498643237170057e+01
3.500000000000000000e+01
3.459140648881406577e+01
3.600000000000000000e+01
3.499806110819271510e+01
3.700000000000000000e+01
3.527706554159309604e+01
3.800000000000000000e+01
3.484406850083831131e+01
3.900000000000000000e+01
3.438900964187839548e+01
4.000000000000000000e+01
3.448525941811681861e+01
4.100000000000000000e+01
3.506562071953727155e+01
4.200000000000000000e+01
3.490302545283689284e+01
4.300000000000000000e+01
3.496538266370129833e+01
4.400000000000000000e+01
3.591618528329526328e+01
4.500000000000000000e+01
3.435892329790944899e+01
4.600000000000000000e+01
3.451453065301942758e+01
4.700000000000000000e+01
3.489715595577858664e+01
4.800000000000000000e+01
3.442191555352806631e+01
4.900000000000000000e+01
3.520756930581421784e+01
5.000000000000000000e+01
3.488150378093939707e+01
5.100000000000000000e+01
3.573296025783280072e+01
5.200000000000000000e+01
3.497667486597602959e+01
5.300000000000000000e+01
3.570378602750240304e+01
5.400000000000000000e+01
3.469843372905958745e+01
5.500000000000000000e+01
3.458581370112032971e+01
5.600000000000000000e+01
3.527810470893103911e+01
5.700000000000000000e+01
3.514063623786585566e+01
5.800000000000000000e+01
3.522952658008884441e+01
5.900000000000000000e+01
3.504930786205361670e+01
6.000000000000000000e+01
3.506351618931786618e+01
6.100000000000000000e+01
3.444588982618762429e+01
6.200000000000000000e+01
3.591285601904952074e+01
6.300000000000000000e+01
3.432084873061439367e+01
6.400000000000000000e+01
3.524069281953229904e+01
6.500000000000000000e+01
3.547894497030873850e+01
6.600000000000000000e+01
3.467897089549543921e+01
6.700000000000000000e+01
3.416855620938918747e+01
6.800000000000000000e+01
3.458107552475428292e+01
6.900000000000000000e+01
3.470367836397614525e+01
7.000000000000000000e+01
3.497276839860490583e+01
7.100000000000000000e+01
3.440331431679803842e+01
7.200000000000000000e+01
3.525160961526250958e+01
7.300000000000000000e+01
3.509884494545151057e+01
7.400000000000000000e+01
3.411074055712212072e+01
7.500000000000000000e+01
3.577821035081819190e+01
7.600000000000000000e+01
3.491335263617831686e+01
7.700000000000000000e+01
3.528625902900721201e+01
7.800000000000000000e+01
3.464887970708280562e+01
7.900000000000000000e+01
3.483621796750652067e+01
8.000000000000000000e+01
3.567853517313201905e+01
8.100000000000000000e+01
3.472940920446882274e+01
8.200000000000000000e+01
3.459174903035688686e+01
8.300000000000000000e+01
3.491420584664543014e+01
8.400000000000000000e+01
3.621077501993995185e+01
8.500000000000000000e+01
3.461379632000517148e+01
8.600000000000000000e+01
3.452018494278839711e+01
8.700000000000000000e+01
3.445262767099514889e+01
8.800000000000000000e+01
3.462319506862625929e+01
8.900000000000000000e+01
3.461485001093357994e+01
9.000000000000000000e+01
3.483669912924298728e+01
9.100000000000000000e+01
3.508894149467982970e+01
9.200000000000000000e+01
3.482902739763007105e+01
9.300000000000000000e+01
3.464350272020753607e+01
9.400000000000000000e+01
3.514695188203737786e+01
9.500000000000000000e+01
3.448235440986562850e+01
9.600000000000000000e+01
3.568489017541804742e+01
9.700000000000000000e+01
3.520471261665165486e+01
9.800000000000000000e+01
3.499151320607982285e+01
9.900000000000000000e+01
3.451767705152604293e+01
1.000000000000000000e+02
3.440466672367292489e+01
1.010000000000000000e+02
3.451464356062781746e+01
1.020000000000000000e+02
3.487224428750354122e+01
1.030000000000000000e+02
3.495055549803021933e+01
1.040000000000000000e+02
3.473422043399251891e+01
1.050000000000000000e+02
3.511130858895703000e+01
1.060000000000000000e+02
3.457687759983512166e+01
1.070000000000000000e+02
3.438078121886539407e+01
1.080000000000000000e+02
3.466300619138143446e+01
1.090000000000000000e+02
3.495424090173032283e+01
1.100000000000000000e+02
3.443571427268671670e+01
1.110000000000000000e+02
3.411876066972282473e+01
1.120000000000000000e+02
3.543006428570045330e+01
1.130000000000000000e+02
3.603405418197630894e+01
1.140000000000000000e+02
3.481041153816450162e+01
1.150000000000000000e+02
3.484969864174048837e+01
1.160000000000000000e+02
3.463423039065622788e+01
1.170000000000000000e+02
3.464239785288138052e+01
1.180000000000000000e+02
3.591827325327330556e+01
1.190000000000000000e+02
3.541108039707566491e+01
1.200000000000000000e+02
3.538740723299103053e+01
1.210000000000000000e+02
3.544052666594050294e+01
1.220000000000000000e+02
3.495745407715439512e+01
1.230000000000000000e+02
3.486067179977570873e+01
1.240000000000000000e+02
3.451488035636397456e+01
1.250000000000000000e+02
3.488353422508159696e+01
1.260000000000000000e+02
3.604260606084601193e+01
1.270000000000000000e+02
3.468375686277126135e+01
1.280000000000000000e+02
3.479876411542574743e+01
1.290000000000000000e+02
3.595076028188076123e+01
1.300000000000000000e+02
3.483853453286906898e+01
1.310000000000000000e+02
3.489632334392143065e+01
1.320000000000000000e+02
3.445178963426927510e+01
1.330000000000000000e+02
3.600538692624319026e+01
1.340000000000000000e+02
3.480899383897000376e+01
1.350000000000000000e+02
3.501386782704157952e+01
1.360000000000000000e+02
3.519044377178840222e+01
1.370000000000000000e+02
3.445257242125543229e+01
1.380000000000000000e+02
3.453111890935369388e+01
1.390000000000000000e+02
3.482536053323489256e+01
1.400000000000000000e+02
3.490960629751434396e+01
1.410000000000000000e+02
3.494009277735329277e+01
1.420000000000000000e+02
3.524680872248821117e+01
1.430000000000000000e+02
3.484082191921334726e+01
1.440000000000000000e+02
3.450855740690642648e+01
1.450000000000000000e+02
3.420465957594566220e+01
1.460000000000000000e+02
3.525584517854482414e+01
1.470000000000000000e+02
3.496611019976711532e+01
1.480000000000000000e+02
3.469246182483178131e+01
1.490000000000000000e+02
3.505483026824515491e+01
1.500000000000000000e+02
3.518017342596935038e+01
1.510000000000000000e+02
3.536102506615584673e+01
1.520000000000000000e+02
3.515562382029050781e+01
1.530000000000000000e+02
3.483405230633572813e+01
1.540000000000000000e+02
3.427453927889604302e+01
1.550000000000000000e+02
3.463135748945816772e+01
1.560000000000000000e+02
3.510168252667400424e+01
1.570000000000000000e+02
3.482467475752753927e+01
1.580000000000000000e+02
3.525483444287446133e+01
1.590000000000000000e+02
3.516396734432831295e+01
1.600000000000000000e+02
3.578905796373079795e+01
1.610000000000000000e+02
3.497475495341405605e+01
1.620000000000000000e+02
3.511330825502062680e+01
1.630000000000000000e+02
3.468908136833476163e+01
1.640000000000000000e+02
3.425279751282316454e+01
1.650000000000000000e+02
3.472302420923728050e+01
1.660000000000000000e+02
3.499771360179129687e+01
1.670000000000000000e+02
3.480106306065352584e+01
1.680000000000000000e+02
3.445905663585045176e+01
1.690000000000000000e+02
3.528741537257356953e+01
1.700000000000000000e+02
3.460537473497439009e+01
1.710000000000000000e+02
3.505489861188085143e+01
1.720000000000000000e+02
3.517661284078022987e+01
1.730000000000000000e+02
3.468479021758103897e+01
1.740000000000000000e+02
3.597871138939051150e+01
1.750000000000000000e+02
3.525221080470343793e+01
1.760000000000000000e+02
3.496545509039770394e+01
1.770000000000000000e+02
3.662960243437836283e+01
1.780000000000000000e+02
3.428846178317241566e+01
1.790000000000000000e+02
3.555598343730761002e+01
1.800000000000000000e+02
3.469145467554754703e+01
1.810000000000000000e+02
3.456189296869733596e+01
1.820000000000000000e+02
3.573382910292741599e+01
1.830000000000000000e+02
3.517630677876445588e+01
1.840000000000000000e+02
3.573510597397366695e+01
1.850000000000000000e+02
3.505005428411952551e+01
1.860000000000000000e+02
3.446288744132946391e+01
1.870000000000000000e+02
3.488749496080880164e+01
1.880000000000000000e+02
3.487620866912839546e+01
1.890000000000000000e+02
3.477152790808207072e+01
1.900000000000000000e+02
3.538064195995112016e+01
1.910000000000000000e+02
3.412688934218524395e+01
1.920000000000000000e+02
3.492674966880283449e+01
